100 1995.628415
200 1482.786885
300 1506.000000
400 1496.589359
500 1509.170306
600 1519.000000
700 1707.248636
800 1602.114598
900 1540.666667
1000 1538.188762
1100 1571.378968
1200 1547.863636
1300 1724.926563
1400 1606.274357
1500 1565.890909
1600 1559.699966
1700 1567.362003
1800 1580.424242
1900 1568.619007
2000 1574.140753
2100 1670.285714
2200 1574.931813
2300 1583.942125
2400 1577.386364
2500 1783.307877
2600 2024.800671
2700 2249.232323
2800 2064.932788
2900 2282.975922
3000 1642.672727
3100 1643.550941
3200 1628.520286
3300 1608.859504
3400 1605.182095
3500 1981.062968
3600 1622.651515
3700 1606.368863
3800 1636.405398
3900 1619.706294
4000 1815.996182
4100 1657.064928
4200 1680.064935
4300 1928.377521
4400 1888.222167
4500 1609.890909
4600 1631.910352
4700 1619.266481
4800 1619.556818
4900 1618.824446
5000 1659.055204
5100 1629.326203
5200 1626.864576
5300 1619.051050
5400 1637.010101
5500 1625.954577
5600 1638.788233
5700 1623.846890
5800 1631.270573
5900 1645.719305
6000 1704.890909
6100 1642.251632
6200 1657.117720
6300 1643.047619
6400 1637.398790
6500 1639.929507
6600 1929.041322
6700 1651.656761
6800 1644.922188
6900 1636.418972
7000 1659.666485
7100 1651.206208
7200 1649.969697
7300 1667.436300
7400 1711.838420
7500 1698.174545
7600 1684.403933
7700 1678.740436
7800 1701.860140
7900 1686.156183
8000 1684.958407
8100 1689.164983
8200 1840.517528
8300 1691.706099
8400 1689.779221
8500 1704.549830
8600 1706.494989
8700 1726.225705
8800 1691.737433
8900 1770.967149
9000 1695.884848
9100 1687.508242
9200 2046.661923
9300 1754.492669
9400 1801.195381
9500 1758.073036
9600 1711.857955
9700 1697.508857
9800 1716.887454
9900 1731.526171
10000 1740.140730
10100 1722.024195
10200 1745.951872
10300 1771.609384
10400 1744.036505
10500 1798.337662
10600 1812.097978
10700 1931.917822
10800 1806.358586
10900 1697.117550
11000 1704.775364
11100 1709.882064
11200 1746.072176
11300 1824.049044
11400 2138.693780
11500 2205.957406
11600 4933.979122
11700 3555.370629
11800 1997.189479
11900 2226.356802
12000 2024.540909
12100 2087.499437
12200 2141.509434
12300 2292.931264
12400 2075.792900
12500 2096.548263
12600 1865.696970
12700 1827.212988
12800 1822.884173
12900 1776.511628
13000 1764.410691
13100 1856.591439
13200 1979.128099
13300 1739.597260
13400 1713.115688
13500 1714.707071
13600 1717.627241
13700 1719.760312
13800 1716.051383
13900 1767.668642
14000 1736.008727
14100 1762.023211
14200 1944.581877
14300 1954.832926
14400 2044.128788
14500 1996.317195
14600 1926.996936
14700 1774.282004
14800 1759.610069
14900 1768.165178
15000 1805.265455
15100 1770.216378
15200 1759.075576
15300 2012.552585
15400 1718.361492
15500 1868.373452
15600 1992.898601
15700 1962.130424
15800 1965.797832
15900 1952.823328
16000 1845.440289
16100 1722.611465
16200 1730.835017
16300 1724.298096
16400 1751.579858
16500 1745.094215
16600 2110.232314
16700 1750.434413
16800 1719.873377
16900 1695.684730
17000 1696.595649
17100 1702.044657
17200 1751.482574
17300 1702.043133
17400 1699.548589
17500 1693.086681
17600 1848.518564
17700 1809.365177
17800 1701.093985
17900 1694.965870
18000 1694.136364
18100 1702.287316
18200 1719.205179
18300 1723.973174
18400 1703.213470
18500 1769.533553
18600 1908.260997
18700 1766.621941
18800 1810.291302
18900 1723.316017
19000 1836.970689
19100 1785.538040
19200 1720.602273
19300 1707.608173
19400 1712.964629
19500 1710.453147
19600 1895.305151
19700 1711.260937
19800 1721.542700
19900 1712.416742
20000 1722.134948
20100 1708.618725
20200 1703.939729
20300 1704.022463
20400 1713.299465
20500 1810.081686
20600 1709.100778
20700 1740.669302
20800 1707.788530
20900 1716.901555
21000 1720.540260
21100 1723.651216
21200 1714.925642
21300 1903.902689
21400 1719.646726
21500 1776.704891
21600 1726.073232
21700 1855.506121
21800 1748.859030
21900 1836.871731
22000 1785.949471
22100 1893.972752
22200 1732.196560
22300 1729.802118
22400 1720.734915
22500 1721.367273
22600 1720.548838
22700 1719.129662
22800 1715.119617
22900 1875.561537
23000 1719.036665
23100 1722.987013
23200 1720.480568
23300 1735.752411
23400 1734.839161
23500 1734.057517
23600 1729.480423
23700 1856.844649
23800 1728.560952
23900 1725.426785
24000 1730.977273
24100 1790.075368
24200 1719.566785
24300 1722.801347
24400 1876.084770
24500 1743.772820
24600 1724.840355
24700 1720.314467
24800 1999.162011
24900 1745.905805
25000 1806.453865
25100 1878.305372
25200 1835.902597
25300 1776.092534
25400 1729.130696
25500 1740.429947
25600 1724.684124
25700 1728.119959
25800 1885.143763
25900 1784.883011
26000 1728.347250
26100 1736.234065
26200 1751.645744
26300 1726.134478
26400 1725.747934
26500 1860.313278
26600 1738.151581
26700 1730.241062
26800 1729.161663
26900 1742.142510
27000 1745.616162
27100 1844.135821
27200 1769.125256
27300 1834.011988
27400 1730.953755
27500 1930.010314
27600 1750.401186
27700 1741.765945
27800 1883.659695
27900 1772.076246
28000 1738.565835
28100 1749.013899
28200 1732.628627
28300 1743.079621
28400 1946.106864
28500 1789.724402
28600 1738.405203
28700 1736.781587
28800 1739.784091
28900 1735.764302
29000 1836.814882
29100 1749.186504
29200 1791.014888
29300 1733.407178
29400 1866.196660
29500 1839.735222
29600 1909.221244
29700 1751.379247
29800 1741.912397
29900 1752.617849
30000 1756.880000
30100 1750.412265
30200 1926.449446
30300 1774.626463
30400 1749.369314
30500 1754.372630
30600 1748.944742
30700 1743.052076
30800 1851.985265
30900 1752.799647
31000 1745.082962
31100 1791.598849
31200 1747.097902
31300 1903.933221
31400 1764.102074
31500 1877.186147
31600 1754.834032
31700 1747.522197
31800 1741.185249
31900 1925.839988
32000 1787.670883
32100 1736.574342
32200 1745.084952
32300 1756.108146
32400 1805.456229
32500 1770.711445
32600 1761.282334
32700 1756.043369
32800 1749.082866
32900 1746.382386
33000 1876.000000
33100 1831.559086
33200 1767.088358
33300 1907.739558
33400 1751.860925
33500 1901.769897
33600 1754.285714
33700 1756.248483
33800 1751.991415
33900 1747.681416
34000 1828.734378
34100 1752.172244
34200 1761.039872
34300 1764.211313
34400 1745.859893
34500 1789.114625
34600 1769.935207
34700 1797.117077
34800 1798.797806
34900 1753.906506
35000 1989.620671
35100 1800.960373
35200 1772.369175
35300 1749.215032
35400 1748.907550
35500 1879.361738
35600 1762.933227
35700 1777.700535
35800 1775.097893
35900 1764.662088
36000 1848.722727
36100 1764.014928
36200 1764.117168
36300 1758.569497
36400 1780.507395
36500 1956.750254
36600 1882.324888
36700 1799.378744
36800 1760.307414
36900 1754.471545
37000 1872.727139
37100 1792.035697
37200 1789.693548
37300 1776.770542
37400 1788.441793
37500 1801.786182
37600 1764.053501
37700 1774.495052
37800 1764.555556
37900 1873.363269
38000 1758.557977
38100 1796.934860
38200 1915.181414
38300 1763.012704
38400 1890.052557
38500 1783.464857
38600 1799.027782
38700 1751.929528
38800 1846.525523
38900 1763.358854
39000 1766.788811
39100 1769.140521
39200 1804.031113
39300 1832.569049
39400 1765.244417
39500 1773.420239
39600 1808.114325
39700 2051.329294
39800 1769.451525
39900 1766.370472
40000 1762.167101
40100 1778.799173
40200 1834.447761
40300 1761.171041
40400 1778.458402
40500 1774.426936
40600 1896.497521
40700 1773.503002
40800 1793.402406
40900 1927.030127
41000 1948.623048
41100 1798.200398
41200 1878.590815
41300 1766.841883
41400 1902.310935
41500 1765.912227
41600 1761.955524
41700 1777.683453
41800 1846.767059
41900 1774.886742
42000 1765.770130
42100 1777.847453
42200 1763.995812
42300 1883.333333
42400 1811.144559
42500 1783.738898
42600 1870.460948
42700 1849.645517
42800 1767.824281
42900 1785.755880
43000 1781.899712
43100 1856.956819
43200 1769.232323
43300 1787.194991
43400 1773.631953
43500 1862.107837
43600 1774.880212
43700 1831.650357
43800 1852.308842
43900 2029.454667
44000 1777.308903
44100 1790.268398
44200 1779.239322
44300 1844.235126
44400 1772.130221
44500 1788.881262
44600 1776.263973
44700 1861.137279
44800 1768.729987
44900 1788.496769
45000 1808.528485
45100 1917.614262
45200 1910.997273
45300 1786.641782
45400 1864.657047
45500 1805.162079
45600 1789.799043
45700 1780.641658
45800 1866.453088
45900 1807.927510
46000 1789.179799
46100 1797.479767
46200 1862.787485
46300 1810.568665
46400 1829.665201
46500 1895.011144
46600 1867.084148
46700 1782.166885
46800 1795.353147
46900 1855.186490
47000 1781.029640
47100 1782.066010
47200 1803.220737
47300 1865.678767
47400 1817.745685
47500 1840.939104
47600 1829.461646
47700 1986.195540
47800 1777.034907
47900 1779.706432
48000 1913.496591
48100 1791.112800
48200 1777.085078
48300 1785.452287
48400 1874.574285
48500 1789.998425
48600 1778.399551
48700 1886.074617
48800 1875.581785
48900 1883.037368
49000 1790.022597
49100 1890.205075
49200 1794.586475
49300 1802.941925
49400 1807.066670
49500 1820.856198
49600 1797.709302
49700 1779.408666
49800 1865.157722
49900 1810.654439
50000 1863.439007
