100 1861.202186
200 1838.524590
300 1714.909091
400 1552.660300
500 1692.030568
600 1586.636364
700 1530.163679
800 1533.901774
900 1575.393939
1000 1544.408074
1100 1548.313492
1200 1571.590909
1300 1610.281158
1400 1577.045986
1500 1616.945455
1600 1889.635186
1700 1935.077022
1800 1944.606061
1900 1906.660924
2000 1714.784506
2100 1585.948052
2200 1590.751302
2300 1596.631879
2400 1587.250000
2500 1589.286494
2600 1590.977759
2700 1593.454545
2800 1592.713813
2900 1602.351392
3000 1599.327273
3100 1601.513285
3200 1602.591204
3300 2057.735537
3400 1824.386331
3500 1649.345387
3600 1627.984848
3700 1612.840926
3800 1611.699684
3900 1609.580420
4000 1610.514114
4100 1606.266631
4200 1612.103896
4300 1612.393759
4400 1611.914208
4500 1662.872727
4600 1614.431400
4700 1747.365367
4800 1618.170455
4900 1621.340309
5000 1620.826969
5100 1625.636364
5200 1689.761880
5300 1755.413751
5400 1634.848485
5500 1655.291084
5600 1626.290668
5700 1642.344498
5800 1631.449262
5900 1639.386095
6000 1659.200000
6100 1774.264509
6200 1633.477037
6300 1633.428571
6400 1644.097844
6500 1644.301779
6600 1650.396694
6700 1649.572580
6800 1664.623777
6900 1768.395257
7000 1666.422504
7100 1654.755685
7200 1651.212121
7300 1650.631398
7400 1697.390535
7500 1767.200000
7600 1653.269217
7700 1671.705866
7800 1681.559441
7900 1663.294897
8000 1677.969453
8100 1665.683502
8200 1685.671523
8300 1663.255783
8400 1675.376623
8500 1700.500545
8600 1666.694152
8700 1657.159875
8800 1684.206285
8900 1664.752390
9000 1659.666667
9100 1659.329857
9200 1909.937152
9300 1689.665689
9400 1664.718853
9500 1669.108865
9600 1669.789773
9700 1663.200810
9800 1667.388400
9900 1662.347107
10000 1670.463099
