100 1578.142077
600 1577.363636
1100 1568.849206
1600 1621.206955
2100 1603.636364
2600 1698.132606
3100 1633.679395
3600 1617.318182
4100 1629.576903
4600 1626.254002
5100 1702.000000
5600 1756.633548
6100 1657.998748
6600 1653.181818
7100 1677.158881
7600 1756.420010
8100 1663.279461
8600 1665.019663
9100 1672.313133
9600 1673.534091
10100 1678.213437
10600 1709.864663
11100 1686.388206
11600 1683.927396
12100 1699.373394
12600 1690.878788
13100 1719.291306
13600 1692.467814
14100 1831.934236
14600 1888.152881
15100 1791.539934
15600 1774.685315
16100 1765.513620
16600 1769.207768
17100 1803.677831
17600 1772.816587
18100 1777.452310
18600 1770.733138
19100 1806.308545
19600 1866.228815
20100 1851.666214
20600 1892.776572
21100 1923.183310
21600 1757.818182
22100 1816.440419
22600 1905.367702
23100 2084.635183
23600 1960.289835
24100 1768.659892
24600 1897.937916
25100 1842.856832
25600 1871.146102
26100 1793.199582
26600 1802.864701
27100 1841.503130
27600 2263.584980
28100 3789.490644
28600 2217.256308
29100 2364.352390
29600 2333.982604
30100 2149.875868
30600 1799.713012
31100 2239.515224
31600 1989.132273
32100 1755.566695
32600 1857.268347
33100 1901.886855
33600 1894.063312
34100 1989.114787
34600 1827.045859
35100 1868.484848
35600 1832.985015
36100 1914.697128
36600 1901.384501
37100 1775.545460
37600 1844.589674
38100 1939.252684
38600 1945.613713
39100 1890.141317
39600 2003.337466
40100 1889.522009
40600 1940.830008
41100 1920.290644
41600 1892.756930
42100 1840.863921
42600 1989.080666
43100 1914.807128
43600 1879.332691
44100 1877.214595
44600 1825.861605
45100 1923.822309
45600 1853.013158
46100 1961.238109
46600 1853.967436
47100 1781.068906
47600 1783.747393
48100 1834.420467
48600 1837.259259
49100 1800.999822
49600 1823.851627
50100 1836.430049
50600 1801.100619
51100 1834.847304
51600 1903.804440
52100 1937.005318
52600 1797.826470
53100 1839.673344
53600 1861.391529
54100 1817.286228
54600 1862.726274
55100 1852.639186
55600 1803.226629
56100 1858.639767
56600 1887.141260
57100 1871.599973
57600 1923.679924
58100 1864.818431
58600 1820.385729
59100 1848.936779
59600 1861.353028
60100 1828.059683
60600 1845.495950
61100 1837.139337
61600 1890.242002
62100 1995.409750
62600 1842.857641
63100 1820.433426
63600 1896.077187
64100 1827.711120
64600 1861.415315
65100 1857.969837
65600 1824.405900
66100 1946.605547
66600 1953.435708
67100 1879.879040
67600 1915.083957
68100 1832.943532
68600 1869.356583
69100 1832.320043
69600 1854.525862
70100 1882.522799
70600 1986.846477
71100 1893.321826
71600 1827.916597
72100 1869.532391
72600 1847.459053
73100 1835.557695
73600 1884.794676
74100 1912.984910
74600 2060.428030
75100 1837.567456
75600 1953.474747
76100 1880.992144
76600 1908.961569
77100 1877.387336
77600 1887.064372
78100 1936.474302
78600 1879.223456
79100 1931.063469
79600 1856.523199
80100 1904.939053
80600 1850.714643
81100 1919.646496
81600 1894.915775
82100 1998.584868
82600 1866.018635
83100 1924.821792
83600 1867.656232
84100 1917.810005
84600 1894.515152
85100 1936.945570
85600 1921.042738
86100 2054.049414
86600 1861.400426
87100 1929.438325
87600 1861.973848
88100 1946.688873
88600 1860.639771
89100 2023.141720
89600 1986.064676
90100 1915.853932
90600 1895.271523
91100 1891.343344
91600 1907.457141
92100 1934.504590
92600 2028.593476
93100 1866.106173
93600 1941.179487
94100 1875.711818
94600 1929.792485
95100 1962.992831
95600 1985.890019
96100 1969.030497
96600 1887.972332
97100 1957.754921
97600 1915.727116
98100 1951.570197
98600 1989.383512
99100 1933.151698
99600 1953.443045
100100 1901.218422
100600 1951.636095
101100 2003.114108
101600 1910.315355
102100 1999.817291
102600 1920.838384
103100 1934.507132
103600 2008.498786
104100 1994.924286
104600 1944.881262
105100 1937.344758
105600 1905.294938
106100 2007.487302
106600 2008.697610
107100 1935.343519
107600 11645.413807
108100 4845.404500
108600 1987.906580
109100 2046.327294
109600 1948.101606
110100 1908.585583
110600 1962.382747
111100 2007.432137
111600 1998.371457
112100 1959.085424
112600 1966.666667
113100 1951.030625
113600 1980.628619
114100 2025.693771
114600 1950.482627
115100 1953.440024
115600 1969.314359
116100 2032.667606
116600 1936.481012
117100 2027.771179
117600 1982.290816
118100 1956.127030
118600 2010.326399
119100 1993.708725
119600 1962.052484
120100 1958.276070
120600 1999.063320
121100 2054.001964
121600 1984.955121
122100 1929.072593
122600 1967.208564
123100 2073.869100
123600 1965.166372
124100 1964.266249
124600 1984.578410
125100 2036.311751
125600 2085.319587
126100 1964.365027
126600 1964.292977
127100 1988.348440
127600 2078.148017
128100 1970.946562
128600 1980.060314
129100 1955.600106
129600 2120.791246
130100 2012.944205
130600 1971.243312
131100 1975.554400
131600 1998.805468
132100 2041.656103
132600 2006.648704
133100 1987.629090
133600 2040.168536
134100 2034.003254
134600 1998.216529
135100 2009.072484
135600 2030.855189
136100 2046.453534
136600 1986.810444
137100 1987.748558
137600 2016.378743
138100 2088.371257
138600 2009.378591
139100 2019.016846
139600 2074.886005
140100 1995.512945
140600 2000.551663
141100 1974.900941
141600 2081.364792
142100 2029.727157
142600 2032.598792
143100 2047.923385
143600 2087.275227
144100 2052.715731
144600 1990.890230
145100 2054.662126
145600 2093.949418
146100 2130.948292
146600 2115.977839
147100 2251.844573
147600 2164.623799
148100 2146.428571
148600 2166.518006
149100 2217.097494
149600 2162.313593
150100 2207.690519
150600 2262.264035
151100 2151.625899
151600 2158.683568
152100 2133.788417
152600 2119.161371
153100 2045.008782
153600 2034.948864
154100 2115.101092
154600 2078.930470
155100 2032.181467
155600 2082.685283
156100 2068.956227
156600 2046.408220
157100 2057.777693
157600 2105.863297
158100 2029.865448
158600 2038.503470
159100 2140.262545
159600 2066.646617
160100 2039.088499
160600 2070.978457
161100 2083.798883
161600 2044.610586
162100 2096.804999
162600 2077.358940
163100 2106.163215
163600 2043.029277
164100 2062.180156
164600 2185.233923
165100 2078.777797
165600 2068.094532
166100 2123.775105
166600 2109.023256
167100 2042.119145
167600 2111.875378
168100 2098.469416
168600 2053.994824
169100 2088.889283
169600 2117.879415
170100 2044.685265
170600 2087.092907
171100 2134.952484
171600 2053.745073
172100 2063.782502
172600 2117.018453
173100 2082.290531
173600 2078.768075
174100 2154.084961
174600 2066.240862
175100 2057.112107
175600 2126.476317
176100 2079.371225
176600 2108.441282
177100 2097.970636
177600 2094.646806
178100 2086.982261
178600 2118.992588
179100 2070.478148
179600 2096.483087
180100 2141.740489
180600 2074.261250
181100 2119.112633
181600 2115.018337
182100 2075.803205
182600 2120.177079
183100 2069.911494
183600 2093.356209
184100 2149.529208
184600 2094.240514
185100 2076.395167
185600 2143.537703
186100 2090.533233
186600 2094.508623
187100 2160.799496
187600 2106.097990
188100 2093.455995
188600 2125.224285
189100 2115.240724
189600 2099.398446
190100 2177.062746
190600 2092.526464
191100 2095.184815
191600 2143.475884
192100 2112.730881
192600 2084.314359
193100 2177.193969
193600 2127.770593
194100 2117.085289
194600 2126.312765
195100 2098.831927
195600 2151.684886
196100 2105.390859
196600 2097.631737
197100 2163.119137
197600 2118.742857
198100 2109.427754
198600 2156.032683
199100 2121.771100
199600 2152.044227
200100 2092.985144
200600 2111.424656
201100 2168.531231
201600 2089.041126
202100 2185.837319
202600 2154.094547
203100 2104.827984
203600 2162.238189
204100 2125.528418
204600 2166.375633
205100 2113.909249
205600 2124.672820
206100 2187.602488
206600 2096.132705
207100 2145.098148
207600 2120.317919
208100 2116.492624
208600 2177.255362
209100 2115.734185
209600 2146.788943
210100 2124.812102
210600 2114.041440
211100 2168.406474
211600 2123.156318
212100 2160.317603
212600 2110.542736
213100 2135.480428
213600 2190.973442
214100 2173.141222
214600 2230.877939
215100 2364.099911
215600 2247.115107
216100 2263.370463
216600 2363.169731
217100 2382.233880
217600 2171.636089
218100 2169.249469
218600 2169.757165
219100 2165.671437
219600 2287.838549
220100 2153.054897
220600 2237.528589
221100 2163.245097
221600 2365.842576
222100 2153.980643
222600 2182.984808
223100 2344.541534
223600 2319.419027
224100 2182.783011
224600 2197.299680
225100 2247.397397
225600 2305.140957
226100 2232.876656
226600 2312.971526
227100 2217.184100
227600 2436.547670
228100 2314.848762
228600 2263.563589
229100 2160.599358
229600 2208.455027
230100 2150.088657
230600 2229.920098
231100 2147.536012
231600 2209.156618
232100 2161.286062
232600 2173.813706
233100 2165.699778
233600 2150.469801
234100 2218.605350
234600 2175.261800
235100 2214.810355
235600 2202.588133
236100 2164.165877
236600 2207.132648
237100 2170.207715
237600 2227.227273
238100 2159.915330
238600 2251.994248
239100 2173.242842
239600 2216.296959
240100 2164.566328
240600 2206.323963
241100 2198.432410
241600 2195.150734
242100 2186.334798
242600 2217.287068
243100 2194.783288
243600 2209.320421
244100 2219.729127
244600 2185.419227
245100 2206.887282
245600 2172.224196
246100 2240.932393
246600 2179.036939
247100 2231.745457
247600 2198.864810
248100 2211.706057
248600 2169.872917
249100 2225.349969
249600 2157.458042
